# Created by Octave 4.2.0, Tue Nov 22 10:45:31 2016 GMT <unknown@unknown>
# name: x
# type: matrix
# rows: 100
# columns: 1
 0.1111720457200896
 -2.084511144448013
 -1.197397836876487
 -0.4482407361123855
 -0.1125077180026648
 -0.4890615577598975
 -1.431594450602643
 -0.2867832423866369
 1.619915145907591
 0.597948553670634
 -0.4878942231301016
 0.3968272546655294
 1.215859463848408
 -0.3493540687098726
 0.0264101067877864
 0.2832512880568631
 0.7000964053495085
 -0.3090756471391275
 -0.6529443063575396
 1.425881152682693
 0.590702163351137
 1.096639492490203
 -0.2455378069672033
 0.6153688150843304
 1.624478007655267
 -0.5472279421227697
 -0.6140135533997135
 -1.756407947404028
 -0.01867583624284703
 0.02778097621064959
 -0.5685020286200522
 0.5285719146570879
 -1.760561956876532
 0.7452045081586237
 -0.3932476205329002
 -0.9476651811535933
 -0.5987280459352528
 -0.6641447059882546
 -0.5676569793051133
 -0.7748940601938602
 -0.4797891048720299
 0.5740860317993183
 0.7180736251617292
 -0.3530797268503282
 -0.6490782512494859
 -1.564175521611162
 0.6996628769855981
 1.077224952404362
 -0.5171090969003128
 -0.2172211284173339
 0.2239987405480656
 1.189204806326583
 1.101265558433553
 -1.628722765969963
 1.293217967947948
 1.548166029541237
 -0.4726515807454885
 0.003875758785946511
 0.06748913550453731
 0.3872825984116352
 -0.9863021589837497
 0.7677571999246947
 -1.964219087668635
 0.1651373179122778
 1.18898213289614
 -0.6003551537676636
 -0.07108054483327218
 0.7860168172603106
 -1.859290762667541
 1.109979461590212
 0.3532701358620585
 1.167938220237172
 -0.239578839607957
 0.8933328977077714
 1.119235946868358
 0.9721593103299219
 0.4589771405319962
 -0.7495056266500217
 -0.8252573448204873
 0.133075374888679
 1.332302424488578
 -0.4759609942817151
 0.1570331223252847
 0.5778386895866199
 0.9353167552003735
 -0.577157732892504
 0.0334140159764168
 -0.272682413178644
 -0.08777351871712392
 -0.3910068704810362
 0.7736351620392692
 0.247032113056096
 0.1135244143621746
 0.2884939603291115
 -0.6587949933666181
 -1.782046731922513
 0.3148380694664863
 -0.1959851061481744
 0.1008114318294296
 -2.221228490616715


# name: y
# type: matrix
# rows: 100
# columns: 1
 1.64982384430007
 4.559372145924871
 3.370241769124191
 2.433034204106514
 2.068722940398303
 2.563845209141907
 3.405312073905318
 2.257890942671225
 0.3832044545532072
 1.722098628021218
 2.514753367023597
 1.51022644466948
 0.599401502859525
 2.487201177275016
 2.070501865615718
 1.872353033079539
 1.210762414854273
 2.386329094628709
 2.900233782744514
 0.6848246704031004
 1.584649137943729
 0.8478188051258934
 2.337931951366246
 1.355053017593642
 0.2854257877448832
 2.666244215615534
 2.554632644910451
 3.482717599521036
 1.638379965800005
 2.032950279912242
 2.894463684044438
 1.213609782099693
 3.747320871003528
 0.8688352265125949
 2.227866691286154
 2.751482647735452
 2.735874839758872
 2.605814463669736
 2.671958273948143
 3.081984645559986
 2.656762298790232
 1.286853716991171
 1.533833593591153
 2.695673807711541
 2.745329787044145
 3.628586404084671
 0.8160499493270967
 0.9117863930325492
 2.746695878016399
 2.294648727546927
 1.956838343357745
 0.5045375887947592
 0.7547042745630098
 3.617499659494926
 0.9975357276827241
 0.584850324630603
 2.586573335005212
 2.011600998638123
 2.025501311119914
 1.45493109037248
 2.512712839259158
 1.183393950330298
 3.877280289199024
 2.086134980326341
 0.7442370477283586
 2.572006463006538
 1.914941350450947
 1.548055685370918
 4.016891720146475
 0.9146831102276409
 1.625163474714265
 0.5375702010076935
 2.188207954829863
 1.292184948085099
 1.05610768337156
 1.061524241756079
 1.685402935348176
 2.624749603743869
 2.988248502851322
 2.042792766364428
 0.8027490183436865
 2.557340428575552
 2.022556470666637
 1.323616734990356
 1.305760753888167
 2.478243697283189
 1.851980224961488
 2.093065385936303
 2.236672389607485
 2.399059727592827
 1.193753629634039
 2.015949530096619
 1.615507011846991
 1.685883215244528
 2.530775037753057
 3.553007700268979
 1.596612347478518
 2.188313207095432
 2.322434540532288
 4.377536213488651


# name: N
# type: scalar
100


