# Created by Octave 4.2.0, Sat Nov 19 18:16:49 2016 GMT <unknown@unknown>
# name: x
# type: matrix
# rows: 20
# columns: 1
 0.1
 0.2
 0.3
 0.4
 0.5
 0.6
 0.7000000000000001
 0.8
 0.9
 1
 1.1
 1.2
 1.3
 1.4
 1.5
 1.6
 1.7
 1.8
 1.9
 2


# name: y
# type: matrix
# rows: 20
# columns: 1
 -5.091574815378206
 -4.5551796801638
 -4.058865392785424
 -3.805300767968316
 -3.414096762922112
 -2.96745659294923
 -2.518500085536568
 -2.550137449598644
 -2.575925865669192
 -2.052661035935451
 -2.024475595184485
 -1.985415438178877
 -1.778720918296345
 -1.684001237499104
 -1.648322923088249
 -1.491894851305546
 -1.439702498872354
 -1.607328939348966
 -1.377474275104688
 -1.268650150654991


# name: n
# type: scalar
20


