# Created by Octave 4.2.0, Wed Nov 22 15:25:32 2017 GMT <unknown@unknown>
# name: x
# type: matrix
# rows: 100
# columns: 1
 -0.5510555761853211
 0.4612789580088075
 -2.252442948888967
 -0.08933920736463687
 0.3212015953207399
 -0.9677895070226217
 0.8157348450020528
 0.4398924213940482
 -1.532988710631741
 0.5474694469529721
 -0.4700564800819863
 1.093346429720813
 0.1474026965662909
 -0.9337862873007978
 0.3025460510030797
 0.7513677184770078
 -2.624490299715292
 1.159498774873244
 -0.1842216085786468
 -0.2733717090733919
 0.4768476774443622
 1.432319689534612
 -1.429072287555057
 -0.4668593289770331
 -1.74463465898345
 -0.5613722292917592
 0.9700271271421482
 -0.4718810616231397
 -0.8740656078281298
 0.5151164179406083
 -1.169011147136456
 -1.086194668217733
 -0.3704372314111298
 1.693355972931193
 -1.36037998621589
 1.762230070818353
 -0.9403110918148615
 -0.7518278665893466
 -1.393484218026281
 -0.611694356706256
 1.477605004520536
 0.5032846772199628
 -0.7223604492625141
 -1.260059212418423
 -1.361356810134162
 0.3237178802105949
 1.043242997243904
 1.115496460036825
 -0.5875514035817542
 1.070789905088281
 -0.5445216217954446
 -0.219561093408541
 -1.531786809133823
 0.9442798266851957
 -0.3185334036858249
 -0.7004812175972157
 0.01641884814730907
 0.02488525320809356
 -1.035899722215061
 -1.49296316801492
 -0.5730494524946308
 0.4949762017032206
 1.183418511645731
 1.420144512570121
 -0.869879864047992
 -1.880278854474665
 1.130350789069869
 0.3833823829271481
 -0.2624687273643025
 -0.5815597339137265
 0.7003842044579254
 -1.085587672249058
 -1.347970016878099
 -1.24560342349482
 0.9064847584642021
 -0.1694033284790331
 0.9149734869874466
 -0.2355644844055993
 -1.212962623252225
 -0.5244191176554162
 -0.253632363986347
 0.1152012746462457
 0.00225378487105252
 -0.7331070503258287
 -0.9124431206845387
 -2.194435636869159
 0.07419556952552532
 0.2726897465019238
 1.950097755995529
 0.05416690472962858
 0.914593599114758
 2.136275746546902
 -1.946426972412526
 0.6961478145009299
 -1.136291880234165
 0.463258763793825
 -1.601238013160731
 0.4413594125136454
 0.587732871021943
 -0.5178287317637916


# name: y
# type: matrix
# rows: 100
# columns: 1
 1.160677036775668
 -1.632597687793661
 -0.006606498684738226
 0.4744850278352207
 0.2098103529068335
 -0.4962564916805187
 0.524553751667503
 -0.9513897567660364
 -1.893620667537943
 0.9606445641762462
 -0.6700179686384622
 -0.1919733154632984
 0.3627369514332395
 -3.047951825491667
 -1.158222091919048
 -0.7205455414604456
 1.36419074753118
 1.013395303546011
 0.4382083755661319
 -0.3048654666013134
 -0.6825532240953127
 1.705357660766606
 1.198613011097578
 0.5508758592872418
 -0.003303364981062532
 -0.2279695052089286
 1.21435374403551
 0.4674007241038765
 0.2643674081826043
 -0.3627219044876794
 -0.3861233244511732
 0.9543601411958922
 -0.4487207550779291
 -0.1021365160478035
 0.3200863252891077
 -0.7965230149583659
 -0.4114176590412686
 0.0038118072110057
 0.3009712092112535
 -2.177723261053492
 -0.7336432683414355
 -1.313506670738062
 0.1308025187658867
 -0.3462557041361167
 1.38838344578388
 -0.1059168922857105
 -0.6987918737823575
 1.997424025592541
 0.9573162677839019
 0.5043854970343346
 1.301258848941989
 0.4580376284062783
 -0.888737419986964
 0.4598725033698648
 -0.2125763738113128
 -1.198488583299732
 -0.07262357552470174
 -1.53513323766705
 -0.5183144190036133
 -0.1972132979426587
 1.101654040958331
 -0.2805572231697162
 -0.02551659328467963
 0.478537063252639
 -1.562147213585262
 -0.5097507901186933
 -1.082864220605766
 1.019201211274259
 -0.5612108199073568
 1.261353426052096
 -0.3598912539052867
 0.453896770341321
 -0.2172862820491312
 1.734199403523873
 -0.03615277364811249
 -1.102874566174856
 -1.038851736607964
 -0.1146041678660864
 -0.01608134454221456
 0.4380133553315585
 -0.6199121077487321
 0.6841113112995159
 -1.292648569314957
 -0.1701686743910905
 -0.8805255699711564
 -0.2959657033889143
 -0.6113842044194695
 0.6103706703729738
 0.1091490227257014
 -0.8734632673985037
 -0.5595946751767502
 0.4298071782521633
 -0.7184534941205291
 0.02270704028574538
 -0.2423432345968338
 2.530755371075666
 0.6427850590928971
 0.1770179789665101
 -0.4059206018935826
 0.1632905492226773


# name: z
# type: matrix
# rows: 100
# columns: 1
 -2.184836909241703
 -6.801150693949486
 -6.212538573866738
 -3.172123454717674
 -3.377758000286906
 -5.996914028505175
 -2.176692575438266
 -5.38059732675821
 -9.168615176935575
 -1.629893050814739
 -6.095226601248966
 -3.293149466366443
 -2.93535974885758
 -11.09068415149827
 -6.078316260387567
 -4.80354772566051
 -3.85233577143208
 -0.8015215930663808
 -3.227615441398149
 -4.91771107154611
 -4.81203575533173
 0.8773068183613625
 -2.945029227880272
 -3.33976048736653
 -5.637418865772022
 -4.863833916628137
 -0.5052071550791354
 -3.477625967328556
 -4.467603469485339
 -4.265636901496411
 -6.015259192466825
 -3.259657082145612
 -5.408774306825408
 -2.60663114583967
 -4.782917274991809
 -3.898595276837839
 -5.688982088029761
 -4.60071659712976
 -4.813890879979859
 -8.959739646431165
 -4.048731997095413
 -6.039362798627207
 -4.518056015268283
 -6.078428092289844
 -2.428078633910403
 -3.743668891138966
 -4.425482728753028
 1.093554795999288
 -2.796945754324004
 -1.966975439642323
 -1.943114064272236
 -3.440355317920068
 -7.434079791679186
 -2.088332226760634
 -4.514246263219345
 -7.114370445701734
 -3.96960930994462
 -6.973158856356621
 -5.971007443005978
 -5.768483709112133
 -2.352218420544738
 -3.983167950974993
 -2.983285645832836
 -1.556094969232102
 -7.975925998192909
 -6.753590044168145
 -5.000380074033596
 -1.57238290202476
 -5.238144408178487
 -2.131062430256831
 -3.897062740302556
 -4.21950695988826
 -5.914297286562812
 -1.791646971240942
 -3.133557192977381
 -6.25432432996581
 -5.061658358154411
 -4.457199663701926
 -5.275071843057701
 -3.701750681982334
 -5.492240968501491
 -2.354701662644048
 -6.541130169924387
 -5.147700091274919
 -6.530466755256481
 -6.73429904121618
 -5.293620470364007
 -2.399143098059375
 -1.833778128864695
 -5.806504613101238
 -4.206695092271307
 -0.9412492373375597
 -7.549276763438864
 -3.358341560859611
 -5.500802829904535
 1.634969553727664
 -4.437223486342023
 -3.185172804615155
 -4.331815997002857
 -3.99007441757463


# name: N
# type: scalar
100


