Norma: 0.482666 EXP: (-0.6737, -0.6739)   1 x^- x^-
Norma: 0.470794 EXP: (0.97, 0.972)        1 x^+ x^+
Norma: 0.462441 EXP: (0.308, 0.306)       x x^+ x^+
Norma: 0.45974  EXP: (0.45, 0.48, 0.47)   x^+ x^+ x^+ 