# Created by Octave 5.1.0, Wed Nov 18 15:21:22 2020 GMT <unknown@LAPTOP-677MHC2T>
# name: f1
# type: matrix
# rows: 3
# columns: 16
 1 -1 -1 1 1 1 -1 -1 1 1 -1 -1 -1 -1 1 1
 1 1 -1 -1 1 1 1 -1 -1 1 1 1 -1 -1 -1 -1
 1 1 1 1 1 -1 -1 -1 -1 -1 -1 1 1 -1 -1 1


