# Created by Octave 5.1.0, Wed Nov 18 15:21:22 2020 GMT <unknown@LAPTOP-677MHC2T>
# name: f1
# type: matrix
# rows: 3
# columns: 8
 0 -1.5 1.5 0 0 -1.5 1.5 0
 1.7320508075688772 -0.8660254037844386 -0.8660254037844386 1.7320508075688772 0 -0.8660254037844386 -0.8660254037844386 0
 -0.61237243569579447 -0.61237243569579447 -0.61237243569579447 -0.61237243569579447 1.8371173070873834 -0.61237243569579447 -0.61237243569579447 1.8371173070873834


